2018/07/14-17:54:14.130646 70000e56b000 RocksDB version: 5.11.3
2018/07/14-17:54:14.130687 70000e56b000 Git sha rocksdb_build_git_sha:dbd8fa09b823826dd2a30bc119dad7a6fa9a4c6d
2018/07/14-17:54:14.130692 70000e56b000 Compile date Mar 15 2018
2018/07/14-17:54:14.130693 70000e56b000 DB SUMMARY
2018/07/14-17:54:14.130735 70000e56b000 CURRENT file:  CURRENT
2018/07/14-17:54:14.130737 70000e56b000 IDENTITY file:  IDENTITY
2018/07/14-17:54:14.130742 70000e56b000 MANIFEST file:  MANIFEST-000037 size: 166 Bytes
2018/07/14-17:54:14.130744 70000e56b000 SST files in blockchain-db/node1 dir, Total Num: 2, files: 000034.sst 000036.sst 
2018/07/14-17:54:14.130745 70000e56b000 Write Ahead Log file in blockchain-db/node1: 000038.log size: 173 ; 
2018/07/14-17:54:14.130748 70000e56b000                         Options.error_if_exists: 0
2018/07/14-17:54:14.130751 70000e56b000                       Options.create_if_missing: 1
2018/07/14-17:54:14.130752 70000e56b000                         Options.paranoid_checks: 1
2018/07/14-17:54:14.130753 70000e56b000                                     Options.env: 0x12ee71ff0
2018/07/14-17:54:14.130754 70000e56b000                                Options.info_log: 0x7fd052f4a7c0
2018/07/14-17:54:14.130755 70000e56b000                Options.max_file_opening_threads: 16
2018/07/14-17:54:14.130756 70000e56b000                              Options.statistics: 0x0
2018/07/14-17:54:14.130757 70000e56b000                               Options.use_fsync: 0
2018/07/14-17:54:14.130758 70000e56b000                       Options.max_log_file_size: 0
2018/07/14-17:54:14.130759 70000e56b000                  Options.max_manifest_file_size: 18446744073709551615
2018/07/14-17:54:14.130760 70000e56b000                   Options.log_file_time_to_roll: 0
2018/07/14-17:54:14.130761 70000e56b000                       Options.keep_log_file_num: 1000
2018/07/14-17:54:14.130762 70000e56b000                    Options.recycle_log_file_num: 0
2018/07/14-17:54:14.130763 70000e56b000                         Options.allow_fallocate: 1
2018/07/14-17:54:14.130764 70000e56b000                        Options.allow_mmap_reads: 0
2018/07/14-17:54:14.130765 70000e56b000                       Options.allow_mmap_writes: 0
2018/07/14-17:54:14.130766 70000e56b000                        Options.use_direct_reads: 0
2018/07/14-17:54:14.130767 70000e56b000                        Options.use_direct_io_for_flush_and_compaction: 0
2018/07/14-17:54:14.130768 70000e56b000          Options.create_missing_column_families: 0
2018/07/14-17:54:14.130769 70000e56b000                              Options.db_log_dir: 
2018/07/14-17:54:14.130770 70000e56b000                                 Options.wal_dir: blockchain-db/node1
2018/07/14-17:54:14.130771 70000e56b000                Options.table_cache_numshardbits: 6
2018/07/14-17:54:14.130772 70000e56b000                      Options.max_subcompactions: 1
2018/07/14-17:54:14.130773 70000e56b000                  Options.max_background_flushes: -1
2018/07/14-17:54:14.130774 70000e56b000                         Options.WAL_ttl_seconds: 0
2018/07/14-17:54:14.130775 70000e56b000                       Options.WAL_size_limit_MB: 0
2018/07/14-17:54:14.130776 70000e56b000             Options.manifest_preallocation_size: 4194304
2018/07/14-17:54:14.130777 70000e56b000                     Options.is_fd_close_on_exec: 1
2018/07/14-17:54:14.130778 70000e56b000                   Options.advise_random_on_open: 1
2018/07/14-17:54:14.130779 70000e56b000                    Options.db_write_buffer_size: 0
2018/07/14-17:54:14.130780 70000e56b000                    Options.write_buffer_manager: 0x7fd052f48db0
2018/07/14-17:54:14.130781 70000e56b000         Options.access_hint_on_compaction_start: 1
2018/07/14-17:54:14.130782 70000e56b000  Options.new_table_reader_for_compaction_inputs: 0
2018/07/14-17:54:14.130782 70000e56b000           Options.random_access_max_buffer_size: 1048576
2018/07/14-17:54:14.130783 70000e56b000                      Options.use_adaptive_mutex: 0
2018/07/14-17:54:14.130784 70000e56b000                            Options.rate_limiter: 0x0
2018/07/14-17:54:14.130785 70000e56b000     Options.sst_file_manager.rate_bytes_per_sec: 0
2018/07/14-17:54:14.130796 70000e56b000                       Options.wal_recovery_mode: 2
2018/07/14-17:54:14.130797 70000e56b000                  Options.enable_thread_tracking: 0
2018/07/14-17:54:14.130798 70000e56b000                  Options.enable_pipelined_write: 0
2018/07/14-17:54:14.130799 70000e56b000         Options.allow_concurrent_memtable_write: 1
2018/07/14-17:54:14.130800 70000e56b000      Options.enable_write_thread_adaptive_yield: 1
2018/07/14-17:54:14.130801 70000e56b000             Options.write_thread_max_yield_usec: 100
2018/07/14-17:54:14.130802 70000e56b000            Options.write_thread_slow_yield_usec: 3
2018/07/14-17:54:14.130803 70000e56b000                               Options.row_cache: None
2018/07/14-17:54:14.130804 70000e56b000                              Options.wal_filter: None
2018/07/14-17:54:14.130805 70000e56b000             Options.avoid_flush_during_recovery: 0
2018/07/14-17:54:14.130806 70000e56b000             Options.allow_ingest_behind: 0
2018/07/14-17:54:14.130807 70000e56b000             Options.preserve_deletes: 0
2018/07/14-17:54:14.130808 70000e56b000             Options.two_write_queues: 0
2018/07/14-17:54:14.130809 70000e56b000             Options.manual_wal_flush: 0
2018/07/14-17:54:14.130810 70000e56b000             Options.max_background_jobs: 2
2018/07/14-17:54:14.130811 70000e56b000             Options.max_background_compactions: -1
2018/07/14-17:54:14.130812 70000e56b000             Options.avoid_flush_during_shutdown: 0
2018/07/14-17:54:14.130813 70000e56b000           Options.writable_file_max_buffer_size: 1048576
2018/07/14-17:54:14.130814 70000e56b000             Options.delayed_write_rate : 16777216
2018/07/14-17:54:14.130815 70000e56b000             Options.max_total_wal_size: 0
2018/07/14-17:54:14.130816 70000e56b000             Options.delete_obsolete_files_period_micros: 21600000000
2018/07/14-17:54:14.130817 70000e56b000                   Options.stats_dump_period_sec: 600
2018/07/14-17:54:14.130818 70000e56b000                          Options.max_open_files: -1
2018/07/14-17:54:14.130819 70000e56b000                          Options.bytes_per_sync: 0
2018/07/14-17:54:14.130820 70000e56b000                      Options.wal_bytes_per_sync: 0
2018/07/14-17:54:14.130821 70000e56b000       Options.compaction_readahead_size: 0
2018/07/14-17:54:14.130822 70000e56b000 Compression algorithms supported:
2018/07/14-17:54:14.130823 70000e56b000 	Snappy supported: 1
2018/07/14-17:54:14.130823 70000e56b000 	Zlib supported: 1
2018/07/14-17:54:14.130824 70000e56b000 	Bzip supported: 1
2018/07/14-17:54:14.130825 70000e56b000 	LZ4 supported: 1
2018/07/14-17:54:14.130826 70000e56b000 	ZSTDNotFinal supported: 1
2018/07/14-17:54:14.130829 70000e56b000 	ZSTD supported: 1
2018/07/14-17:54:14.130834 70000e56b000 Fast CRC32 supported: Not supported on x86
2018/07/14-17:54:14.130917 70000e56b000 [db/version_set.cc:2834] Recovering from manifest file: MANIFEST-000037
2018/07/14-17:54:14.130946 70000e56b000 [db/column_family.cc:431] --------------- Options for column family [default]:
2018/07/14-17:54:14.130948 70000e56b000               Options.comparator: leveldb.BytewiseComparator
2018/07/14-17:54:14.130949 70000e56b000           Options.merge_operator: None
2018/07/14-17:54:14.130950 70000e56b000        Options.compaction_filter: None
2018/07/14-17:54:14.130953 70000e56b000        Options.compaction_filter_factory: None
2018/07/14-17:54:14.130954 70000e56b000         Options.memtable_factory: SkipListFactory
2018/07/14-17:54:14.130955 70000e56b000            Options.table_factory: BlockBasedTable
2018/07/14-17:54:14.130970 70000e56b000            table_factory options:   flush_block_policy_factory: FlushBlockBySizePolicyFactory (0x7fd052f2bfd0)
  cache_index_and_filter_blocks: 0
  cache_index_and_filter_blocks_with_high_priority: 0
  pin_l0_filter_and_index_blocks_in_cache: 0
  index_type: 0
  hash_index_allow_collision: 1
  checksum: 1
  no_block_cache: 0
  block_cache: 0x7fd052f03468
  block_cache_name: LRUCache
  block_cache_options:
    capacity : 8388608
    num_shard_bits : 4
    strict_capacity_limit : 0
    high_pri_pool_ratio: 0.000
  block_cache_compressed: 0x0
  persistent_cache: 0x0
  block_size: 4096
  block_size_deviation: 10
  block_restart_interval: 16
  index_block_restart_interval: 1
  metadata_block_size: 4096
  partition_filters: 0
  use_delta_encoding: 1
  filter_policy: nullptr
  whole_key_filtering: 1
  verify_compression: 0
  read_amp_bytes_per_bit: 0
  format_version: 2
2018/07/14-17:54:14.130981 70000e56b000        Options.write_buffer_size: 67108864
2018/07/14-17:54:14.130983 70000e56b000  Options.max_write_buffer_number: 2
2018/07/14-17:54:14.130986 70000e56b000          Options.compression: Snappy
2018/07/14-17:54:14.130987 70000e56b000                  Options.bottommost_compression: Disabled
2018/07/14-17:54:14.130988 70000e56b000       Options.prefix_extractor: nullptr
2018/07/14-17:54:14.130989 70000e56b000   Options.memtable_insert_with_hint_prefix_extractor: nullptr
2018/07/14-17:54:14.130990 70000e56b000             Options.num_levels: 7
2018/07/14-17:54:14.130991 70000e56b000        Options.min_write_buffer_number_to_merge: 1
2018/07/14-17:54:14.130992 70000e56b000     Options.max_write_buffer_number_to_maintain: 0
2018/07/14-17:54:14.130993 70000e56b000            Options.compression_opts.window_bits: -14
2018/07/14-17:54:14.130994 70000e56b000                  Options.compression_opts.level: -1
2018/07/14-17:54:14.130995 70000e56b000               Options.compression_opts.strategy: 0
2018/07/14-17:54:14.130996 70000e56b000         Options.compression_opts.max_dict_bytes: 0
2018/07/14-17:54:14.130997 70000e56b000      Options.level0_file_num_compaction_trigger: 4
2018/07/14-17:54:14.130998 70000e56b000          Options.level0_slowdown_writes_trigger: 20
2018/07/14-17:54:14.130999 70000e56b000              Options.level0_stop_writes_trigger: 36
2018/07/14-17:54:14.131000 70000e56b000                   Options.target_file_size_base: 67108864
2018/07/14-17:54:14.131001 70000e56b000             Options.target_file_size_multiplier: 1
2018/07/14-17:54:14.131002 70000e56b000                Options.max_bytes_for_level_base: 268435456
2018/07/14-17:54:14.131003 70000e56b000 Options.level_compaction_dynamic_level_bytes: 0
2018/07/14-17:54:14.131004 70000e56b000          Options.max_bytes_for_level_multiplier: 10.000000
2018/07/14-17:54:14.131006 70000e56b000 Options.max_bytes_for_level_multiplier_addtl[0]: 1
2018/07/14-17:54:14.131007 70000e56b000 Options.max_bytes_for_level_multiplier_addtl[1]: 1
2018/07/14-17:54:14.131008 70000e56b000 Options.max_bytes_for_level_multiplier_addtl[2]: 1
2018/07/14-17:54:14.131009 70000e56b000 Options.max_bytes_for_level_multiplier_addtl[3]: 1
2018/07/14-17:54:14.131010 70000e56b000 Options.max_bytes_for_level_multiplier_addtl[4]: 1
2018/07/14-17:54:14.131011 70000e56b000 Options.max_bytes_for_level_multiplier_addtl[5]: 1
2018/07/14-17:54:14.131012 70000e56b000 Options.max_bytes_for_level_multiplier_addtl[6]: 1
2018/07/14-17:54:14.131022 70000e56b000       Options.max_sequential_skip_in_iterations: 8
2018/07/14-17:54:14.131024 70000e56b000                    Options.max_compaction_bytes: 1677721600
2018/07/14-17:54:14.131025 70000e56b000                        Options.arena_block_size: 8388608
2018/07/14-17:54:14.131027 70000e56b000   Options.soft_pending_compaction_bytes_limit: 68719476736
2018/07/14-17:54:14.131029 70000e56b000   Options.hard_pending_compaction_bytes_limit: 274877906944
2018/07/14-17:54:14.131031 70000e56b000       Options.rate_limit_delay_max_milliseconds: 100
2018/07/14-17:54:14.131033 70000e56b000                Options.disable_auto_compactions: 0
2018/07/14-17:54:14.131035 70000e56b000                        Options.compaction_style: kCompactionStyleLevel
2018/07/14-17:54:14.131037 70000e56b000                          Options.compaction_pri: kByCompensatedSize
2018/07/14-17:54:14.131038 70000e56b000 Options.compaction_options_universal.size_ratio: 1
2018/07/14-17:54:14.131040 70000e56b000 Options.compaction_options_universal.min_merge_width: 2
2018/07/14-17:54:14.131041 70000e56b000 Options.compaction_options_universal.max_merge_width: 4294967295
2018/07/14-17:54:14.131055 70000e56b000 Options.compaction_options_universal.max_size_amplification_percent: 200
2018/07/14-17:54:14.131057 70000e56b000 Options.compaction_options_universal.compression_size_percent: -1
2018/07/14-17:54:14.131060 70000e56b000 Options.compaction_options_universal.stop_style: kCompactionStopStyleTotalSize
2018/07/14-17:54:14.131062 70000e56b000 Options.compaction_options_fifo.max_table_files_size: 1073741824
2018/07/14-17:54:14.131063 70000e56b000 Options.compaction_options_fifo.allow_compaction: 0
2018/07/14-17:54:14.131065 70000e56b000 Options.compaction_options_fifo.ttl: 0
2018/07/14-17:54:14.131067 70000e56b000                   Options.table_properties_collectors: 
2018/07/14-17:54:14.131068 70000e56b000                   Options.inplace_update_support: 0
2018/07/14-17:54:14.131070 70000e56b000                 Options.inplace_update_num_locks: 10000
2018/07/14-17:54:14.131072 70000e56b000               Options.memtable_prefix_bloom_size_ratio: 0.000000
2018/07/14-17:54:14.131074 70000e56b000   Options.memtable_huge_page_size: 0
2018/07/14-17:54:14.131076 70000e56b000                           Options.bloom_locality: 0
2018/07/14-17:54:14.131077 70000e56b000                    Options.max_successive_merges: 0
2018/07/14-17:54:14.131078 70000e56b000                Options.optimize_filters_for_hits: 0
2018/07/14-17:54:14.131079 70000e56b000                Options.paranoid_file_checks: 0
2018/07/14-17:54:14.131080 70000e56b000                Options.force_consistency_checks: 0
2018/07/14-17:54:14.131081 70000e56b000                Options.report_bg_io_stats: 0
2018/07/14-17:54:14.131575 70000e56b000 [db/version_set.cc:3100] Recovered from manifest file:blockchain-db/node1/MANIFEST-000037 succeeded,manifest_file_number is 37, next_file_number is 39, last_sequence is 23, log_number is 0,prev_log_number is 0,max_column_family is 0
2018/07/14-17:54:14.131580 70000e56b000 [db/version_set.cc:3108] Column family [default] (ID 0), log number is 32
2018/07/14-17:54:14.131675 70000e56b000 EVENT_LOG_v1 {"time_micros": 1531562054131662, "job": 1, "event": "recovery_started", "log_files": [38]}
2018/07/14-17:54:14.131683 70000e56b000 [db/db_impl_open.cc:518] Recovering log #38 mode 2
2018/07/14-17:54:14.131725 70000e56b000 [DEBUG] [db/db_impl_open.cc:886] [default] [WriteLevel0TableForRecovery] Level-0 table #39: started
2018/07/14-17:54:14.132189 70000e56b000 EVENT_LOG_v1 {"time_micros": 1531562054132178, "cf_name": "default", "job": 1, "event": "table_file_creation", "file_number": 39, "file_size": 1075, "table_properties": {"data_size": 148, "index_size": 28, "filter_size": 0, "raw_key_size": 14, "raw_average_key_size": 14, "raw_value_size": 118, "raw_average_value_size": 118, "num_data_blocks": 1, "num_entries": 1, "filter_policy_name": "", "kDeletedKeys": "0", "kMergeOperands": "0"}}
2018/07/14-17:54:14.132205 70000e56b000 [DEBUG] [db/db_impl_open.cc:926] [default] [WriteLevel0TableForRecovery] Level-0 table #39: 1075 bytes OK
2018/07/14-17:54:14.132227 70000e56b000 [db/version_set.cc:2609] Creating manifest 40
2018/07/14-17:54:14.132725 70000e56b000 EVENT_LOG_v1 {"time_micros": 1531562054132721, "job": 1, "event": "recovery_finished"}
2018/07/14-17:54:14.132966 70000e56b000 [DEBUG] [db/db_impl_files.cc:319] [JOB 2] Delete blockchain-db/node1//MANIFEST-000037 type=3 #37 -- OK
2018/07/14-17:54:14.133017 70000e56b000 [DEBUG] [db/db_impl_files.cc:319] [JOB 2] Delete blockchain-db/node1//000038.log type=0 #38 -- OK
2018/07/14-17:54:14.135685 70000e56b000 [db/db_impl_open.cc:1165] DB pointer 0x7fd05566ae00
