2018/07/14-17:55:13.046517 70000f51f000 RocksDB version: 5.11.3
2018/07/14-17:55:13.046561 70000f51f000 Git sha rocksdb_build_git_sha:dbd8fa09b823826dd2a30bc119dad7a6fa9a4c6d
2018/07/14-17:55:13.046565 70000f51f000 Compile date Mar 15 2018
2018/07/14-17:55:13.046566 70000f51f000 DB SUMMARY
2018/07/14-17:55:13.046606 70000f51f000 CURRENT file:  CURRENT
2018/07/14-17:55:13.046608 70000f51f000 IDENTITY file:  IDENTITY
2018/07/14-17:55:13.046612 70000f51f000 MANIFEST file:  MANIFEST-000011 size: 238 Bytes
2018/07/14-17:55:13.046614 70000f51f000 SST files in blockchain-db/node2 dir, Total Num: 3, files: 000004.sst 000007.sst 000010.sst 
2018/07/14-17:55:13.046615 70000f51f000 Write Ahead Log file in blockchain-db/node2: 000012.log size: 171 ; 
2018/07/14-17:55:13.046618 70000f51f000                         Options.error_if_exists: 0
2018/07/14-17:55:13.046620 70000f51f000                       Options.create_if_missing: 1
2018/07/14-17:55:13.046622 70000f51f000                         Options.paranoid_checks: 1
2018/07/14-17:55:13.046622 70000f51f000                                     Options.env: 0x12e2d5ff0
2018/07/14-17:55:13.046624 70000f51f000                                Options.info_log: 0x7f9aba840630
2018/07/14-17:55:13.046625 70000f51f000                Options.max_file_opening_threads: 16
2018/07/14-17:55:13.046626 70000f51f000                              Options.statistics: 0x0
2018/07/14-17:55:13.046627 70000f51f000                               Options.use_fsync: 0
2018/07/14-17:55:13.046628 70000f51f000                       Options.max_log_file_size: 0
2018/07/14-17:55:13.046629 70000f51f000                  Options.max_manifest_file_size: 18446744073709551615
2018/07/14-17:55:13.046630 70000f51f000                   Options.log_file_time_to_roll: 0
2018/07/14-17:55:13.046631 70000f51f000                       Options.keep_log_file_num: 1000
2018/07/14-17:55:13.046632 70000f51f000                    Options.recycle_log_file_num: 0
2018/07/14-17:55:13.046633 70000f51f000                         Options.allow_fallocate: 1
2018/07/14-17:55:13.046634 70000f51f000                        Options.allow_mmap_reads: 0
2018/07/14-17:55:13.046635 70000f51f000                       Options.allow_mmap_writes: 0
2018/07/14-17:55:13.046636 70000f51f000                        Options.use_direct_reads: 0
2018/07/14-17:55:13.046637 70000f51f000                        Options.use_direct_io_for_flush_and_compaction: 0
2018/07/14-17:55:13.046637 70000f51f000          Options.create_missing_column_families: 0
2018/07/14-17:55:13.046638 70000f51f000                              Options.db_log_dir: 
2018/07/14-17:55:13.046639 70000f51f000                                 Options.wal_dir: blockchain-db/node2
2018/07/14-17:55:13.046640 70000f51f000                Options.table_cache_numshardbits: 6
2018/07/14-17:55:13.046641 70000f51f000                      Options.max_subcompactions: 1
2018/07/14-17:55:13.046642 70000f51f000                  Options.max_background_flushes: -1
2018/07/14-17:55:13.046643 70000f51f000                         Options.WAL_ttl_seconds: 0
2018/07/14-17:55:13.046644 70000f51f000                       Options.WAL_size_limit_MB: 0
2018/07/14-17:55:13.046645 70000f51f000             Options.manifest_preallocation_size: 4194304
2018/07/14-17:55:13.046646 70000f51f000                     Options.is_fd_close_on_exec: 1
2018/07/14-17:55:13.046647 70000f51f000                   Options.advise_random_on_open: 1
2018/07/14-17:55:13.046648 70000f51f000                    Options.db_write_buffer_size: 0
2018/07/14-17:55:13.046649 70000f51f000                    Options.write_buffer_manager: 0x7f9ab57efbc0
2018/07/14-17:55:13.046650 70000f51f000         Options.access_hint_on_compaction_start: 1
2018/07/14-17:55:13.046651 70000f51f000  Options.new_table_reader_for_compaction_inputs: 0
2018/07/14-17:55:13.046651 70000f51f000           Options.random_access_max_buffer_size: 1048576
2018/07/14-17:55:13.046652 70000f51f000                      Options.use_adaptive_mutex: 0
2018/07/14-17:55:13.046653 70000f51f000                            Options.rate_limiter: 0x0
2018/07/14-17:55:13.046654 70000f51f000     Options.sst_file_manager.rate_bytes_per_sec: 0
2018/07/14-17:55:13.046664 70000f51f000                       Options.wal_recovery_mode: 2
2018/07/14-17:55:13.046666 70000f51f000                  Options.enable_thread_tracking: 0
2018/07/14-17:55:13.046666 70000f51f000                  Options.enable_pipelined_write: 0
2018/07/14-17:55:13.046667 70000f51f000         Options.allow_concurrent_memtable_write: 1
2018/07/14-17:55:13.046668 70000f51f000      Options.enable_write_thread_adaptive_yield: 1
2018/07/14-17:55:13.046669 70000f51f000             Options.write_thread_max_yield_usec: 100
2018/07/14-17:55:13.046670 70000f51f000            Options.write_thread_slow_yield_usec: 3
2018/07/14-17:55:13.046671 70000f51f000                               Options.row_cache: None
2018/07/14-17:55:13.046672 70000f51f000                              Options.wal_filter: None
2018/07/14-17:55:13.046673 70000f51f000             Options.avoid_flush_during_recovery: 0
2018/07/14-17:55:13.046674 70000f51f000             Options.allow_ingest_behind: 0
2018/07/14-17:55:13.046675 70000f51f000             Options.preserve_deletes: 0
2018/07/14-17:55:13.046676 70000f51f000             Options.two_write_queues: 0
2018/07/14-17:55:13.046676 70000f51f000             Options.manual_wal_flush: 0
2018/07/14-17:55:13.046677 70000f51f000             Options.max_background_jobs: 2
2018/07/14-17:55:13.046678 70000f51f000             Options.max_background_compactions: -1
2018/07/14-17:55:13.046679 70000f51f000             Options.avoid_flush_during_shutdown: 0
2018/07/14-17:55:13.046680 70000f51f000           Options.writable_file_max_buffer_size: 1048576
2018/07/14-17:55:13.046681 70000f51f000             Options.delayed_write_rate : 16777216
2018/07/14-17:55:13.046682 70000f51f000             Options.max_total_wal_size: 0
2018/07/14-17:55:13.046683 70000f51f000             Options.delete_obsolete_files_period_micros: 21600000000
2018/07/14-17:55:13.046684 70000f51f000                   Options.stats_dump_period_sec: 600
2018/07/14-17:55:13.046685 70000f51f000                          Options.max_open_files: -1
2018/07/14-17:55:13.046686 70000f51f000                          Options.bytes_per_sync: 0
2018/07/14-17:55:13.046687 70000f51f000                      Options.wal_bytes_per_sync: 0
2018/07/14-17:55:13.046688 70000f51f000       Options.compaction_readahead_size: 0
2018/07/14-17:55:13.046689 70000f51f000 Compression algorithms supported:
2018/07/14-17:55:13.046689 70000f51f000 	Snappy supported: 1
2018/07/14-17:55:13.046690 70000f51f000 	Zlib supported: 1
2018/07/14-17:55:13.046691 70000f51f000 	Bzip supported: 1
2018/07/14-17:55:13.046692 70000f51f000 	LZ4 supported: 1
2018/07/14-17:55:13.046693 70000f51f000 	ZSTDNotFinal supported: 1
2018/07/14-17:55:13.046696 70000f51f000 	ZSTD supported: 1
2018/07/14-17:55:13.046701 70000f51f000 Fast CRC32 supported: Not supported on x86
2018/07/14-17:55:13.046966 70000f51f000 [db/version_set.cc:2834] Recovering from manifest file: MANIFEST-000011
2018/07/14-17:55:13.047027 70000f51f000 [db/column_family.cc:431] --------------- Options for column family [default]:
2018/07/14-17:55:13.047030 70000f51f000               Options.comparator: leveldb.BytewiseComparator
2018/07/14-17:55:13.047031 70000f51f000           Options.merge_operator: None
2018/07/14-17:55:13.047032 70000f51f000        Options.compaction_filter: None
2018/07/14-17:55:13.047034 70000f51f000        Options.compaction_filter_factory: None
2018/07/14-17:55:13.047035 70000f51f000         Options.memtable_factory: SkipListFactory
2018/07/14-17:55:13.047037 70000f51f000            Options.table_factory: BlockBasedTable
2018/07/14-17:55:13.047057 70000f51f000            table_factory options:   flush_block_policy_factory: FlushBlockBySizePolicyFactory (0x7f9aba820830)
  cache_index_and_filter_blocks: 0
  cache_index_and_filter_blocks_with_high_priority: 0
  pin_l0_filter_and_index_blocks_in_cache: 0
  index_type: 0
  hash_index_allow_collision: 1
  checksum: 1
  no_block_cache: 0
  block_cache: 0x7f9aba83e9b8
  block_cache_name: LRUCache
  block_cache_options:
    capacity : 8388608
    num_shard_bits : 4
    strict_capacity_limit : 0
    high_pri_pool_ratio: 0.000
  block_cache_compressed: 0x0
  persistent_cache: 0x0
  block_size: 4096
  block_size_deviation: 10
  block_restart_interval: 16
  index_block_restart_interval: 1
  metadata_block_size: 4096
  partition_filters: 0
  use_delta_encoding: 1
  filter_policy: nullptr
  whole_key_filtering: 1
  verify_compression: 0
  read_amp_bytes_per_bit: 0
  format_version: 2
2018/07/14-17:55:13.047072 70000f51f000        Options.write_buffer_size: 67108864
2018/07/14-17:55:13.047073 70000f51f000  Options.max_write_buffer_number: 2
2018/07/14-17:55:13.047076 70000f51f000          Options.compression: Snappy
2018/07/14-17:55:13.047078 70000f51f000                  Options.bottommost_compression: Disabled
2018/07/14-17:55:13.047079 70000f51f000       Options.prefix_extractor: nullptr
2018/07/14-17:55:13.047080 70000f51f000   Options.memtable_insert_with_hint_prefix_extractor: nullptr
2018/07/14-17:55:13.047081 70000f51f000             Options.num_levels: 7
2018/07/14-17:55:13.047082 70000f51f000        Options.min_write_buffer_number_to_merge: 1
2018/07/14-17:55:13.047083 70000f51f000     Options.max_write_buffer_number_to_maintain: 0
2018/07/14-17:55:13.047084 70000f51f000            Options.compression_opts.window_bits: -14
2018/07/14-17:55:13.047085 70000f51f000                  Options.compression_opts.level: -1
2018/07/14-17:55:13.047086 70000f51f000               Options.compression_opts.strategy: 0
2018/07/14-17:55:13.047087 70000f51f000         Options.compression_opts.max_dict_bytes: 0
2018/07/14-17:55:13.047088 70000f51f000      Options.level0_file_num_compaction_trigger: 4
2018/07/14-17:55:13.047089 70000f51f000          Options.level0_slowdown_writes_trigger: 20
2018/07/14-17:55:13.047090 70000f51f000              Options.level0_stop_writes_trigger: 36
2018/07/14-17:55:13.047091 70000f51f000                   Options.target_file_size_base: 67108864
2018/07/14-17:55:13.047092 70000f51f000             Options.target_file_size_multiplier: 1
2018/07/14-17:55:13.047093 70000f51f000                Options.max_bytes_for_level_base: 268435456
2018/07/14-17:55:13.047094 70000f51f000 Options.level_compaction_dynamic_level_bytes: 0
2018/07/14-17:55:13.047095 70000f51f000          Options.max_bytes_for_level_multiplier: 10.000000
2018/07/14-17:55:13.047097 70000f51f000 Options.max_bytes_for_level_multiplier_addtl[0]: 1
2018/07/14-17:55:13.047098 70000f51f000 Options.max_bytes_for_level_multiplier_addtl[1]: 1
2018/07/14-17:55:13.047099 70000f51f000 Options.max_bytes_for_level_multiplier_addtl[2]: 1
2018/07/14-17:55:13.047100 70000f51f000 Options.max_bytes_for_level_multiplier_addtl[3]: 1
2018/07/14-17:55:13.047101 70000f51f000 Options.max_bytes_for_level_multiplier_addtl[4]: 1
2018/07/14-17:55:13.047102 70000f51f000 Options.max_bytes_for_level_multiplier_addtl[5]: 1
2018/07/14-17:55:13.047103 70000f51f000 Options.max_bytes_for_level_multiplier_addtl[6]: 1
2018/07/14-17:55:13.047104 70000f51f000       Options.max_sequential_skip_in_iterations: 8
2018/07/14-17:55:13.047105 70000f51f000                    Options.max_compaction_bytes: 1677721600
2018/07/14-17:55:13.047106 70000f51f000                        Options.arena_block_size: 8388608
2018/07/14-17:55:13.047106 70000f51f000   Options.soft_pending_compaction_bytes_limit: 68719476736
2018/07/14-17:55:13.047107 70000f51f000   Options.hard_pending_compaction_bytes_limit: 274877906944
2018/07/14-17:55:13.047108 70000f51f000       Options.rate_limit_delay_max_milliseconds: 100
2018/07/14-17:55:13.047109 70000f51f000                Options.disable_auto_compactions: 0
2018/07/14-17:55:13.047111 70000f51f000                        Options.compaction_style: kCompactionStyleLevel
2018/07/14-17:55:13.047112 70000f51f000                          Options.compaction_pri: kByCompensatedSize
2018/07/14-17:55:13.047113 70000f51f000 Options.compaction_options_universal.size_ratio: 1
2018/07/14-17:55:13.047114 70000f51f000 Options.compaction_options_universal.min_merge_width: 2
2018/07/14-17:55:13.047121 70000f51f000 Options.compaction_options_universal.max_merge_width: 4294967295
2018/07/14-17:55:13.047122 70000f51f000 Options.compaction_options_universal.max_size_amplification_percent: 200
2018/07/14-17:55:13.047123 70000f51f000 Options.compaction_options_universal.compression_size_percent: -1
2018/07/14-17:55:13.047124 70000f51f000 Options.compaction_options_universal.stop_style: kCompactionStopStyleTotalSize
2018/07/14-17:55:13.047125 70000f51f000 Options.compaction_options_fifo.max_table_files_size: 1073741824
2018/07/14-17:55:13.047126 70000f51f000 Options.compaction_options_fifo.allow_compaction: 0
2018/07/14-17:55:13.047127 70000f51f000 Options.compaction_options_fifo.ttl: 0
2018/07/14-17:55:13.047128 70000f51f000                   Options.table_properties_collectors: 
2018/07/14-17:55:13.047129 70000f51f000                   Options.inplace_update_support: 0
2018/07/14-17:55:13.047130 70000f51f000                 Options.inplace_update_num_locks: 10000
2018/07/14-17:55:13.047131 70000f51f000               Options.memtable_prefix_bloom_size_ratio: 0.000000
2018/07/14-17:55:13.047132 70000f51f000   Options.memtable_huge_page_size: 0
2018/07/14-17:55:13.047133 70000f51f000                           Options.bloom_locality: 0
2018/07/14-17:55:13.047134 70000f51f000                    Options.max_successive_merges: 0
2018/07/14-17:55:13.047135 70000f51f000                Options.optimize_filters_for_hits: 0
2018/07/14-17:55:13.047136 70000f51f000                Options.paranoid_file_checks: 0
2018/07/14-17:55:13.047137 70000f51f000                Options.force_consistency_checks: 0
2018/07/14-17:55:13.047138 70000f51f000                Options.report_bg_io_stats: 0
2018/07/14-17:55:13.048061 70000f51f000 [db/version_set.cc:3100] Recovered from manifest file:blockchain-db/node2/MANIFEST-000011 succeeded,manifest_file_number is 11, next_file_number is 13, last_sequence is 14, log_number is 0,prev_log_number is 0,max_column_family is 0
2018/07/14-17:55:13.048070 70000f51f000 [db/version_set.cc:3108] Column family [default] (ID 0), log number is 10
2018/07/14-17:55:13.048187 70000f51f000 EVENT_LOG_v1 {"time_micros": 1531562113048172, "job": 1, "event": "recovery_started", "log_files": [12]}
2018/07/14-17:55:13.048195 70000f51f000 [db/db_impl_open.cc:518] Recovering log #12 mode 2
2018/07/14-17:55:13.048453 70000f51f000 [DEBUG] [db/db_impl_open.cc:886] [default] [WriteLevel0TableForRecovery] Level-0 table #13: started
2018/07/14-17:55:13.048913 70000f51f000 EVENT_LOG_v1 {"time_micros": 1531562113048900, "cf_name": "default", "job": 1, "event": "table_file_creation", "file_number": 13, "file_size": 1074, "table_properties": {"data_size": 147, "index_size": 28, "filter_size": 0, "raw_key_size": 13, "raw_average_key_size": 13, "raw_value_size": 118, "raw_average_value_size": 118, "num_data_blocks": 1, "num_entries": 1, "filter_policy_name": "", "kDeletedKeys": "0", "kMergeOperands": "0"}}
2018/07/14-17:55:13.048933 70000f51f000 [DEBUG] [db/db_impl_open.cc:926] [default] [WriteLevel0TableForRecovery] Level-0 table #13: 1074 bytes OK
2018/07/14-17:55:13.048979 70000f51f000 [db/version_set.cc:2609] Creating manifest 14
2018/07/14-17:55:13.049479 70000f51f000 EVENT_LOG_v1 {"time_micros": 1531562113049475, "job": 1, "event": "recovery_finished"}
2018/07/14-17:55:13.049703 70000f51f000 [DEBUG] [db/db_impl_files.cc:319] [JOB 2] Delete blockchain-db/node2//MANIFEST-000011 type=3 #11 -- OK
2018/07/14-17:55:13.049755 70000f51f000 [DEBUG] [db/db_impl_files.cc:319] [JOB 2] Delete blockchain-db/node2//000012.log type=0 #12 -- OK
2018/07/14-17:55:13.052627 70000f51f000 [db/db_impl_open.cc:1165] DB pointer 0x7f9ab9602800
2018/07/14-17:55:13.052793 70000f9ae000 [WARN] [db/db_impl.cc:455] ------- DUMPING STATS -------
2018/07/14-17:55:13.052799 70000f9ae000 [WARN] [db/db_impl.cc:456] 
** DB Stats **
Uptime(secs): 0.0 total, 0.0 interval
Cumulative writes: 0 writes, 0 keys, 0 commit groups, 0.0 writes per commit group, ingest: 0.00 GB, 0.00 MB/s
Cumulative WAL: 0 writes, 0 syncs, 0.00 writes per sync, written: 0.00 GB, 0.00 MB/s
Cumulative stall: 00:00:0.000 H:M:S, 0.0 percent
Interval writes: 0 writes, 0 keys, 0 commit groups, 0.0 writes per commit group, ingest: 0.00 MB, 0.00 MB/s
Interval WAL: 0 writes, 0 syncs, 0.00 writes per sync, written: 0.00 MB, 0.00 MB/s
Interval stall: 00:00:0.000 H:M:S, 0.0 percent

** Compaction Stats [default] **
Level    Files   Size     Score Read(GB)  Rn(GB) Rnp1(GB) Write(GB) Wnew(GB) Moved(GB) W-Amp Rd(MB/s) Wr(MB/s) Comp(sec) Comp(cnt) Avg(sec) KeyIn KeyDrop
----------------------------------------------------------------------------------------------------------------------------------------------------------
  L0      4/0    4.92 KB   1.0      0.0     0.0      0.0       0.0      0.0       0.0   1.0      0.0      2.1         0         1    0.000       0      0
 Sum      4/0    4.92 KB   0.0      0.0     0.0      0.0       0.0      0.0       0.0   1.0      0.0      2.1         0         1    0.000       0      0
 Int      0/0    0.00 KB   0.0      0.0     0.0      0.0       0.0      0.0       0.0   1.0      0.0      2.1         0         1    0.000       0      0
Uptime(secs): 0.0 total, 0.0 interval
Flush(GB): cumulative 0.000, interval 0.000
AddFile(GB): cumulative 0.000, interval 0.000
AddFile(Total Files): cumulative 0, interval 0
AddFile(L0 Files): cumulative 0, interval 0
AddFile(Keys): cumulative 0, interval 0
Cumulative compaction: 0.00 GB write, 0.18 MB/s write, 0.00 GB read, 0.00 MB/s read, 0.0 seconds
Interval compaction: 0.00 GB write, 0.18 MB/s write, 0.00 GB read, 0.00 MB/s read, 0.0 seconds
Stalls(count): 0 level0_slowdown, 0 level0_slowdown_with_compaction, 0 level0_numfiles, 0 level0_numfiles_with_compaction, 0 stop for pending_compaction_bytes, 0 slowdown for pending_compaction_bytes, 0 memtable_compaction, 0 memtable_slowdown, interval 0 total count

** File Read Latency Histogram By Level [default] **

** Compaction Stats [default] **
Level    Files   Size     Score Read(GB)  Rn(GB) Rnp1(GB) Write(GB) Wnew(GB) Moved(GB) W-Amp Rd(MB/s) Wr(MB/s) Comp(sec) Comp(cnt) Avg(sec) KeyIn KeyDrop
----------------------------------------------------------------------------------------------------------------------------------------------------------
  L0      4/0    4.92 KB   1.0      0.0     0.0      0.0       0.0      0.0       0.0   1.0      0.0      2.1         0         1    0.000       0      0
 Sum      4/0    4.92 KB   0.0      0.0     0.0      0.0       0.0      0.0       0.0   1.0      0.0      2.1         0         1    0.000       0      0
 Int      0/0    0.00 KB   0.0      0.0     0.0      0.0       0.0      0.0       0.0   0.0      0.0      0.0         0         0    0.000       0      0
Uptime(secs): 0.0 total, 0.0 interval
Flush(GB): cumulative 0.000, interval 0.000
AddFile(GB): cumulative 0.000, interval 0.000
AddFile(Total Files): cumulative 0, interval 0
AddFile(L0 Files): cumulative 0, interval 0
AddFile(Keys): cumulative 0, interval 0
Cumulative compaction: 0.00 GB write, 0.18 MB/s write, 0.00 GB read, 0.00 MB/s read, 0.0 seconds
Interval compaction: 0.00 GB write, 0.00 MB/s write, 0.00 GB read, 0.00 MB/s read, 0.0 seconds
Stalls(count): 0 level0_slowdown, 0 level0_slowdown_with_compaction, 0 level0_numfiles, 0 level0_numfiles_with_compaction, 0 stop for pending_compaction_bytes, 0 slowdown for pending_compaction_bytes, 0 memtable_compaction, 0 memtable_slowdown, interval 0 total count

** File Read Latency Histogram By Level [default] **
2018/07/14-17:55:13.052854 70000f9ae000 [db/compaction_job.cc:1493] [default] [JOB 3] Compacting 4@0 files to L1, score 1.00
2018/07/14-17:55:13.052859 70000f9ae000 [db/compaction_job.cc:1497] [default] Compaction start summary: Base version 2 Base level 0, inputs: [13(1074B) 10(1269B) 7(1623B) 4(1074B)]
2018/07/14-17:55:13.052896 70000f9ae000 EVENT_LOG_v1 {"time_micros": 1531562113052883, "job": 3, "event": "compaction_started", "files_L0": [13, 10, 7, 4], "score": 1, "input_data_size": 5040}
2018/07/14-17:55:13.053312 70000f9ae000 [db/compaction_job.cc:1171] [default] [JOB 3] Generated table #18: 6 keys, 1732 bytes
2018/07/14-17:55:13.053328 70000f9ae000 EVENT_LOG_v1 {"time_micros": 1531562113053318, "cf_name": "default", "job": 3, "event": "table_file_creation", "file_number": 18, "file_size": 1732, "table_properties": {"data_size": 803, "index_size": 28, "filter_size": 0, "raw_key_size": 263, "raw_average_key_size": 43, "raw_value_size": 1098, "raw_average_value_size": 183, "num_data_blocks": 1, "num_entries": 6, "filter_policy_name": "", "kDeletedKeys": "0", "kMergeOperands": "0"}}
2018/07/14-17:55:13.053360 70000f9ae000 [db/compaction_job.cc:1245] [default] [JOB 3] Compacted 4@0 files to L1 => 1732 bytes
2018/07/14-17:55:13.053529 70000f9ae000 (Original Log Time 2018/07/14-17:55:13.053488) [db/compaction_job.cc:640] [default] compacted to: base level 1 max bytes base 268435456 files[0 1 0 0 0 0 0] max score 0.00, MB/sec: 11.4 rd, 3.9 wr, level 1, files in(4, 0) out(1) MB in(0.0, 0.0) out(0.0), read-write-amplify(1.3) write-amplify(0.3) OK, records in: 9, records dropped: 3 output_compression: Snappy
2018/07/14-17:55:13.053533 70000f9ae000 (Original Log Time 2018/07/14-17:55:13.053510) EVENT_LOG_v1 {"time_micros": 1531562113053495, "job": 3, "event": "compaction_finished", "compaction_time_micros": 441, "output_level": 1, "num_output_files": 1, "total_output_size": 1732, "num_input_records": 9, "num_output_records": 6, "num_subcompactions": 1, "output_compression": "Snappy", "num_single_delete_mismatches": 0, "num_single_delete_fallthrough": 0, "lsm_state": [0, 1, 0, 0, 0, 0, 0]}
2018/07/14-17:55:13.053606 70000f9ae000 [DEBUG] [db/db_impl_files.cc:319] [JOB 3] Delete blockchain-db/node2/000013.sst type=2 #13 -- OK
2018/07/14-17:55:13.053614 70000f9ae000 EVENT_LOG_v1 {"time_micros": 1531562113053610, "job": 3, "event": "table_file_deletion", "file_number": 13}
2018/07/14-17:55:13.053667 70000f9ae000 [DEBUG] [db/db_impl_files.cc:319] [JOB 3] Delete blockchain-db/node2/000010.sst type=2 #10 -- OK
2018/07/14-17:55:13.053673 70000f9ae000 EVENT_LOG_v1 {"time_micros": 1531562113053670, "job": 3, "event": "table_file_deletion", "file_number": 10}
2018/07/14-17:55:13.053720 70000f9ae000 [DEBUG] [db/db_impl_files.cc:319] [JOB 3] Delete blockchain-db/node2/000007.sst type=2 #7 -- OK
2018/07/14-17:55:13.053725 70000f9ae000 EVENT_LOG_v1 {"time_micros": 1531562113053723, "job": 3, "event": "table_file_deletion", "file_number": 7}
2018/07/14-17:55:13.053771 70000f9ae000 [DEBUG] [db/db_impl_files.cc:319] [JOB 3] Delete blockchain-db/node2/000004.sst type=2 #4 -- OK
2018/07/14-17:55:13.053777 70000f9ae000 EVENT_LOG_v1 {"time_micros": 1531562113053774, "job": 3, "event": "table_file_deletion", "file_number": 4}
